ID
220004
220012
220036
220052
220071
220072
220081
220084
220093
220096
220105
220110
220112
220113
220125
220127
220137
220146
220160
220165
220170
220171
220192
220193
220194
220196
220203
220214
220226
220227
220229
220232
220245
220250
220270
220272
220277
220285
220318
220328
220334
220336
220337
220348
220366
220391
220396
220397
220404
220417
220435
220438
220439
220444
220445
220446
220451
220459
220460
220464
220472
220482
220496
220510
220515
220524
220525
220530
220533
220544
220546
220548
220551
220553
220559
220561
220567
220571
220572
220574
220576
220579
220580
220585
220591
220597
220599
220600
220601
220605
220606
220607
220613
220617
220618
220621
220624
220626
220632
220651
220667
220679
220700
220710
220727
220730
220734
220735
220751
220756
220764
220768
220773
220775
220781
220788
220806
220809
220814
220838
220848
220856
220863
220887
220888
220895
220911
220914
220919
220925
220939
220941
220953
220967
220968
220978
220985
220993
220996
221009
221013
221014
221034
221039
221045
221065
221074
221078
221086
221089
221092
221094
221112
221113
221114
221121
221123
221124
221139
221140
221151
221152
221153
221154
221161
221163
221179
221181
221192
221193
221198
221210
221218
221228
221229
221238
221253
221254
221255
221268
221275
221316
221363
221376
221394
221397
221405
221407
221418
221419
221420
221438
221439
221441
221442
221450
221451
221452
221454
221461
221484
221504
221528
221530
221531
221538
221548
221549
221577
221578
221579
221580
221585
221589
221590
221597
221598
221600
221608
221670
221707
221724
221736
221770
221848
221855
221880
221901
221903
221976
221996
222010
222069
222081
222096
222114
222120
222121
222126
222127
222166
222167
222185
222192
222193
222201
222202
222203
222223
222226
222235
222250
222255
222257
222266
222281
222282
222285
222286
222304
222325
222330
222353
222371
222378
222380
222382
222392
222404
222413
222440
222442
222444
222447
222479
222534
222537
222547
222588
222599
222649
222658
222735
222738
222740
222745
222747
222779
222809
222816
222828
222835
222878
222881
222892
222987
223055
223058
223094
223104
223128
223138
229010
229017
229018
229022
229026
229030
229032
229052
229054
229058
229059
229061
229062
229074
229075
229078
229085
229090
229091
229096
229099
229101
229103
229112
229114
229120
229122
229124
229130
229134
229135
229143
229150
229155
229158
229162
229164
229165
229180
229189
229196
229209
229210
229215
229217
229220
229224
229236
229237
229246
229248
229251
229254
229262
229263
229268
229272
229274
229280
229294
229297
229298
229299
229301
229302
229315
229316
229325
229328
229338
229339
229366
229368
229374
229376
229409
229413
229414
229416
229431
229455
229465
229466
229470
229472
229476
229484
229489
229506
229516
229527
229531
229532
229535
229536
229543
229544
229548
229553
229557
229558
229566
229571
229573
229582
229596
229604
229607
229621
229622
229625
229631
229657
229673
229674
229678
229687
229690
229703
229706
229713
229727
990026
990040
990099
990133
990140
990175
990190
990211
990213
990241
990252
990271
990278
990284
990295
990360
990394
990411
990424
990478
990483
990489
990526
990530
990545
990559
990560
990591
990600
990615
990618
990654
990666
990668
990687
990696
990730
990738
990739
990744
990752
990757
990774
990802
990807
990826
990839
990843
990855
990870
990879
990891
990903
990908
990930
990956
990965
990979
990984
990989
991026
991027
991040
991052
991062
991073
991077
991082
991108
991148
991151
991152
991157
991171
991202
991240
991249
991253
991284
991313
991316
991360
991374
991375
991391
991422
991423
991465
991481
991510
991524
991525
991530
991534
991536
991568
991577
991604
991611
991618
991641
991642
991647
991649
991650
991654
991666
991676
991684
991696
991697
991712
991745
991761
991764
991765
991778
991793
991825
991833
991835
991839
991840
991856
991860
991864
991867
991873
991884
991885
991889
991891
991893
991917
991930
991935
991947
991959
991969
991972
991973
991981
991987
992077
992080
992092
992108
992112
992114
992115
992117
992145
992198
992218
992226
992247
992252
992259
992266
992281
992311
992321
992337
992342
992344
992346
992350
992353
992356
992361
992370
992373
992427
992435
992441
992462
992468
992479
992481
992486
992491
992495
992497
992550
992572
992586
992605
992611
992615
992618
992633
992644
992662
992669
992674
992680
992688
992706
992712
992713
992716
992722
992736
992749
992752
992756
992757
992774
992775
992801
992850
992861
992863
992872
992879
992918
992934
992935
992946
992964
992991
992998
993003
993005
993016
993018
993022
993023
993038
993041
993090
993099
993118
993120
993126
993136
993144
993146
993167
993170
993265
993271
993290
993300
993314
993341
993346
993349
993361
993374
993387
993391
993415
993416
993427
993429
993439
993447
993453
993470
993486
993492
993501
993523
993577
993651
993656
993661
993662
993665
993682
993688
993690
993696
993709
993710
993722
993730
993734
993741
993745
993754
993810
993818
993820
993827
993845
993880
993881
993905
993915
993918
993960
993968
993971
993994
994007
994022
994028
994080
994081
994090
994111
994153
994184
994187
994195
994206
994224
994231
994257
994264
994275
994284
994326
994353
994374
994377
994404
994409
994419
994430
994450
994457
994469
994474
994480
994487
994517
994531
994538
994540
994558
994580
994593
994602
994603
994628
994669
994672
994674
994682
994687
994691
994695
994697
994702
994710
994711
994721
994725
994731
994739
994747
994760
994761
994771
994790
994792
994866
994887
994907
994926
994939
994952
994953
994973
994981
995002
995005
995011
995038
995073
995088
995162
995164
995172
995174
995206
995230
995233
995236
995251
995253
995256
995281
995294
995311
995333
995339
995344
995348
995357
995380
995388
995421
995428
995436
995519
995531
995555
995564
995573
995584
995598
995633
995647
995661
995670
995683
995697
995699
995702
995708
995750
995800
995812
995816
995822
995844
995849
995888
995891
995915
995931
995936
995940
995942
995959
995964
995983
996018
996019
996020
996023
996035
996036
996040
996044
996053
996056
996062
996114
996122
996151
996160
996205
996222
996245
996254
996259
996260
996329
996365
996372
996378
996383
996393
996396
996399
996411
996420
996428
996442
996454
996537
996539
996546
996562
996598
996604
996609
996611
996614
996627
996628
996630
996634
996657
996658
996671
996678
996691
996695
996708
996719
996729
996742
996751
996782
996788
996839
996845
996888
996895
996902
996926
996929
996935
996956
997006
997009
997011
997021
997058
997116
997128
997212
997229
997238
997241
997264
997274
997276
997278
997290
997305
997309
997312
997333
997345
997356
997370
997373
997386
997401
997416
997431
997441
997500
997501
997512
997514
997528
997553
997556
997591
997596
997603
997625
997684
997686
997708
997719
997768
997775
997813
997814
997816
997825
997827
997846
997857
997960
997987
998015
998016
998020
998021
998022
998028
998032
998080
998085
998093
998109
998117
998120
998131
998136
998140
998151
998152
998154
998199
998203
998209
998224
998229
998234
998267
998312
998320
998396
998411
998416
998433
998499
998512
998552
998558
998574
998580
998607
998610
998617
998642
998675
998679
998704
998723
998758
998762
998780
998798
998809
998815
998820
998834
998845
998846
998847
998881
998999
999002
999012
999035
999090
999100
999102
999104
999137
999140
999156
999188
999197
999215
999263
999289
999395
999414
999432
999434
999465
999467
999486